-50.0 246.0639434092021
-49.8998998998999 245.32137181894942
-49.7997997997998 244.66869517111266
-49.6996996996997 244.4476113162596
-49.5995995995996 243.72549159043658
-49.4994994994995 243.65540079007766
-49.3993993993994 242.6868419900009
-49.2992992992993 242.9576417073695
-49.1991991991992 242.12371109853314
-49.0990990990991 241.24505211748897
-48.998998998999 240.568072795167
-48.8988988988989 240.08057389908342
-48.7987987987988 240.41898518130907
-48.6986986986987 239.49690256529325
-48.5985985985986 238.6386228597041
-48.4984984984985 238.24881204959152
-48.3983983983984 238.44625841067074
-48.2982982982983 237.3185245272242
-48.1981981981982 236.84506537433455
-48.0980980980981 236.1092949199576
-47.997997997998 236.21089084599544
-47.8978978978979 235.50702920228503
-47.7977977977978 234.6590120832042
-47.6976976976977 234.4876372425696
-47.5975975975976 233.76266766408608
-47.4974974974975 233.9225721698771
-47.3973973973974 232.90728678253754
-47.2972972972973 232.7383840802616
-47.1971971971972 232.06139862777582
-47.0970970970971 231.24799980021058
-46.996996996997 230.6668850062379
-46.8968968968969 230.74984170384386
-46.7967967967968 230.28836087299226
-46.6966966966967 229.92194697624413
-46.5965965965966 229.40797757076677
-46.4964964964965 227.98620547822813
-46.3963963963964 227.5549102919487
-46.2962962962963 227.52507983268222
-46.1961961961962 226.76841163947293
-46.0960960960961 226.47021391270786
-45.995995995996 226.11290548156103
-45.8958958958959 225.49781004124944
-45.7957957957958 224.69960770315248
-45.6956956956957 224.53631522530253
-45.5955955955956 223.98115989086736
-45.4954954954955 223.57268967896718
-45.3953953953954 223.23644681768644
-45.2952952952953 222.517340908389
-45.1951951951952 222.36795740256045
-45.0950950950951 221.71582880154986
-44.994994994995 220.8126869238246
-44.8948948948949 220.26693844750864
-44.7947947947948 220.3917369976563
-44.6946946946947 219.68906064304926
-44.5945945945946 218.86864349601728
-44.4944944944945 218.56552319291276
-44.394394394394396 218.38037249964384
-44.294294294294296 217.5682120394158
-44.194194194194196 216.47931376061305
-44.094094094094096 216.00926730977568
-43.993993993993996 216.46404410732828
-43.893893893893896 215.68271949593975
-43.793793793793796 214.86882039982336
-43.693693693693696 214.93965115692677
-43.593593593593596 214.26751768604942
-43.493493493493496 213.4779643461854
-43.393393393393396 212.97099469690667
-43.293293293293296 212.33536095984715
-43.193193193193196 212.254719499133
-43.093093093093096 211.7440829230782
-42.992992992992995 210.64611541231267
-42.892892892892895 210.3588237928582
-42.792792792792795 209.6818131291176
-42.692692692692695 209.50364084784923
-42.592592592592595 208.7702644655674
-42.492492492492495 208.4264287838567
-42.392392392392395 208.17455642555896
-42.292292292292295 207.60544299416765
-42.192192192192195 207.17645571531256
-42.092092092092095 206.2544918344101
-41.991991991991995 205.66153645771382
-41.891891891891895 205.73288380371181
-41.791791791791795 205.34563901857004
-41.691691691691695 204.32227822036958
-41.591591591591595 203.76695028689744
-41.491491491491495 203.102625178846
-41.391391391391394 202.8208762387096
-41.291291291291294 202.5889056769882
-41.191191191191194 201.79492067803142
-41.091091091091094 201.6030222159634
-40.990990990990994 200.54943213371507
-40.890890890890894 200.10270839831472
-40.790790790790794 200.1219049473633
-40.690690690690694 199.50159974986647
-40.590590590590594 198.7452173668697
-40.490490490490494 198.34964989768895
-40.390390390390394 198.15457665760846
-40.290290290290294 197.13701550231423
-40.190190190190194 197.40796711522688
-40.090090090090094 196.80163083815538
-39.98998998998999 196.00762918857976
-39.88988988988989 195.20332828345298
-39.78978978978979 195.33573336071285
-39.68968968968969 194.14604546704768
-39.58958958958959 193.70927142854856
-39.48948948948949 193.33302294322016
-39.38938938938939 193.32371472094857
-39.28928928928929 192.10469839976707
-39.18918918918919 192.05175494070926
-39.08908908908909 191.69012604635017
-38.98898898898899 191.25514267472002
-38.88888888888889 190.58320082297683
-38.78878878878879 190.17009399679372
-38.68868868868869 189.19587953116803
-38.58858858858859 188.95888864628535
-38.48848848848849 188.13122376852473
-38.38838838838839 187.55420819018042
-38.28828828828829 187.82682194198046
-38.18818818818819 187.0336513816779
-38.08808808808809 186.33949305555606
-37.98798798798799 185.4780394241512
-37.88788788788789 185.14876013471587
-37.78778778778779 185.32002974976254
-37.68768768768769 184.85116886423359
-37.58758758758759 183.7637641223367
-37.48748748748749 183.8799969020851
-37.38738738738739 183.33948101109885
-37.28728728728729 182.12326075308343
-37.18718718718719 182.39004262405368
-37.08708708708709 181.81331261220672
-36.98698698698699 180.81311029819557
-36.88688688688689 179.93798617383302
-36.78678678678679 179.70031745011067
-36.68668668668669 179.86858228450373
-36.58658658658659 179.32343203647292
-36.48648648648649 177.93448927376113
-36.38638638638639 177.87049309223988
-36.28628628628629 177.39654166119112
-36.18618618618619 177.28868954299753
-36.08608608608609 176.10809342976071
-35.98598598598599 175.8548994050934
-35.88588588588589 175.10909933483214
-35.78578578578579 174.6820142949381
-35.68568568568569 174.30727006048133
-35.58558558558559 174.24526202078584
-35.48548548548549 173.17272420984077
-35.38538538538539 173.34665168955593
-35.28528528528529 172.24776280626975
-35.18518518518519 172.3494725730704
-35.08508508508509 171.06882089263334
-34.98498498498499 171.3336754031623
-34.88488488488489 170.45881509836104
-34.78478478478479 170.32527262179283
-34.68468468468469 169.7986379054201
-34.58458458458459 169.42005775746765
-34.48448448448449 168.87820603323448
-34.38438438438439 168.38853474492052
-34.28428428428429 167.8901369289328
-34.18418418418419 166.8526588479036
-34.08408408408409 166.5208079164244
-33.98398398398399 165.95664532522903
-33.88388388388389 165.45038382647337
-33.78378378378379 165.4076424457181
-33.68368368368369 164.75963639857164
-33.58358358358359 164.08456316611444
-33.48348348348349 163.19940482000135
-33.38338338338339 163.05502231585385
-33.28328328328329 162.27887195741064
-33.18318318318319 161.70444890819928
-33.08308308308309 161.02008468322126
-32.98298298298299 160.8744871355158
-32.88288288288289 160.68508916547285
-32.78278278278279 159.9893303184559
-32.68268268268269 159.06356566848572
-32.58258258258259 159.38134839571723
-32.48248248248249 158.09593830570174
-32.38238238238239 157.62708875075293
-32.28228228228229 157.8607396700777
-32.18218218218219 157.09040059935276
-32.08208208208209 156.76478150223463
-31.98198198198199 155.9131225800505
-31.88188188188189 155.20780815058401
-31.78178178178179 154.9706780308642
-31.681681681681688 153.9452932322689
-31.581581581581588 154.34836364058296
-31.481481481481488 153.8175175253533
-31.381381381381388 152.42553840744145
-31.281281281281288 152.75179321991396
-31.181181181181188 151.8638929045948
-31.081081081081088 151.85756085014953
-30.980980980980988 150.57019850533592
-30.880880880880888 150.72908727096132
-30.780780780780788 149.8842222546712
-30.680680680680688 149.53376850757107
-30.580580580580587 148.87279223502034
-30.480480480480487 148.20984949755257
-30.380380380380387 148.18837893302586
-30.280280280280287 147.8180945509693
-30.180180180180187 146.67521718345435
-30.080080080080087 146.30808711205026
-29.979979979979987 145.93125056886896
-29.879879879879887 145.27003717873615
-29.779779779779787 144.71648066517548
-29.679679679679687 144.57398707646135
-29.579579579579587 144.2472175668661
-29.479479479479487 143.6550155002549
-29.379379379379387 142.54395195879886
-29.279279279279287 141.91845123014
-29.179179179179187 141.57392155443642
-29.079079079079087 141.72435669653564
-28.978978978978986 140.61687229578968
-28.878878878878886 140.40488479783528
-28.778778778778786 140.2060874386544
-28.678678678678686 139.08893127105418
-28.578578578578586 138.9816699829823
-28.478478478478486 137.9013107335243
-28.378378378378386 137.61763816666087
-28.278278278278286 137.5921062748418
-28.178178178178186 136.6300727825194
-28.078078078078086 136.3876400918497
-27.977977977977986 135.774910495063
-27.877877877877886 134.96756988644393
-27.777777777777786 135.03870569704213
-27.677677677677686 133.92093676188165
-27.577577577577586 134.00460131985284
-27.477477477477485 133.8537126411543
-27.377377377377385 132.93280675307082
-27.277277277277285 132.87577243406946
-27.177177177177185 131.97714385242014
-27.077077077077085 131.42863424299452
-26.976976976976985 131.0168895794172
-26.876876876876885 130.09727540529838
-26.776776776776785 130.01953345896007
-26.676676676676685 129.02847730681736
-26.576576576576585 129.27162614271904
-26.476476476476485 128.03123514635362
-26.376376376376385 128.2811932221942
-26.276276276276285 127.11667225049676
-26.176176176176185 126.42891880468981
-26.076076076076085 126.72863159817231
-25.975975975975985 126.24228966796707
-25.875875875875884 124.88281029238286
-25.775775775775784 124.40607593849576
-25.675675675675684 124.86121672945073
-25.575575575575584 123.67597928222553
-25.475475475475484 123.56724458388153
-25.375375375375384 122.80520084708365
-25.275275275275284 122.53028322175666
-25.175175175175184 121.45438703707896
-25.075075075075084 121.33115195259202
-24.974974974974984 121.0653487106258
-24.874874874874884 120.70251303741222
-24.774774774774784 119.52268798578872
-24.674674674674684 119.12167090390642
-24.574574574574584 118.49270185619618
-24.474474474474484 118.56480666773082
-24.374374374374383 117.95648381907574
-24.274274274274283 117.51786407233753
-24.174174174174183 117.18795919430987
-24.074074074074083 115.95425139906224
-23.973973973973983 116.26473625132651
-23.873873873873883 114.98563613706608
-23.773773773773783 114.84033023545983
-23.673673673673683 114.28989491029371
-23.573573573573583 114.00383949171605
-23.473473473473483 113.31837142359383
-23.373373373373383 112.46397015887251
-23.273273273273283 112.1097481680153
-23.173173173173183 112.32798436021358
-23.073073073073083 111.29493754464089
-22.972972972972983 110.4153874519758
-22.872872872872883 110.39944970424443
-22.772772772772782 110.31678710011461
-22.672672672672682 109.74783496212767
-22.572572572572582 108.44930071561377
-22.472472472472482 108.38828075432536
-22.372372372372382 107.79322593169779
-22.272272272272282 107.30165450661646
-22.172172172172182 107.14561691799666
-22.072072072072082 106.38372884478717
-21.971971971971982 105.87324895871937
-21.871871871871882 105.01563826375877
-21.771771771771782 104.7716484876486
-21.67167167167168 104.51755538829036
-21.57157157157158 103.67298724196057
-21.47147147147148 103.0440216982348
-21.37137137137138 102.5313820711816
-21.27127127127128 101.98432987555744
-21.17117117117118 101.44032715386798
-21.07107107107108 101.2139678499913
-20.97097097097098 101.19755671111557
-20.87087087087088 100.4676521835855
-20.77077077077078 99.8746666595867
-20.67067067067068 99.1132871602264
-20.57057057057058 99.32250536561826
-20.47047047047048 97.96979144137649
-20.37037037037038 97.55199993399997
-20.27027027027028 96.87876935296345
-20.17017017017018 96.58015769848984
-20.07007007007008 96.18722811694997
-19.96996996996998 96.1820458675277
-19.86986986986988 95.38083660358579
-19.76976976976978 95.30429901016244
-19.66966966966968 93.9075936796818
-19.56956956956958 93.88995537635026
-19.46946946946948 92.91136011738165
-19.36936936936938 92.95712372593131
-19.26926926926928 92.6427600056907
-19.16916916916918 91.83720372580547
-19.06906906906908 91.79886486134387
-18.96896896896898 91.08731889041808
-18.86886886886888 89.85833864597495
-18.76876876876878 90.27459340974994
-18.66866866866868 89.59898006272695
-18.56856856856858 89.31835679775452
-18.46846846846848 88.71160777985264
-18.36836836836838 87.55486434818266
-18.26826826826828 87.6378761932782
-18.16816816816818 87.04537283128374
-18.06806806806808 86.16789224919076
-17.96796796796798 85.72322767921723
-17.86786786786788 85.72256154496102
-17.76776776776778 84.8129482977972
-17.66766766766768 84.72968039108939
-17.56756756756758 84.05121044821233
-17.46746746746748 83.77429431876155
-17.36736736736738 82.7963146438387
-17.26726726726728 82.78326883389025
-17.16716716716718 82.28251819040378
-17.06706706706708 80.98999981005133
-16.96696696696698 80.4149400478295
-16.86686686686688 80.74448440921496
-16.76676676676678 79.4191932522218
-16.66666666666668 78.89146350371017
-16.56656656656658 78.87015483782321
-16.46646646646648 78.76803972871936
-16.36636636636638 77.59216639094242
-16.26626626626628 77.2832053075342
-16.166166166166178 77.31741776042867
-16.066066066066078 76.77433767082181
-15.965965965965978 75.93237034011689
-15.865865865865878 75.70732215052699
-15.765765765765778 74.45901977876235
-15.665665665665678 73.94304686078272
-15.565565565565578 73.38690345539828
-15.465465465465478 73.45721873372904
-15.365365365365378 72.57446841391204
-15.265265265265278 72.62452848543137
-15.165165165165178 72.10930246569268
-15.065065065065077 71.59202998603305
-14.964964964964977 70.39348991021768
-14.864864864864877 69.82820295654003
-14.764764764764777 69.39380351282557
-14.664664664664677 69.67967049750538
-14.564564564564577 68.76053245479685
-14.464464464464477 68.06120186204227
-14.364364364364377 68.12054075458946
-14.264264264264277 67.1888299759076
-14.164164164164177 66.73984890217226
-14.064064064064077 66.31115931711604
-13.963963963963977 65.3319526357863
-13.863863863863877 65.54886567938188
-13.763763763763777 64.66668243733557
-13.663663663663677 64.39375419286478
-13.563563563563577 63.87023545824012
-13.463463463463476 62.901426530016366
-13.363363363363376 62.66277451739692
-13.263263263263276 62.718622487465744
-13.163163163163176 61.97150517337077
-13.063063063063076 61.47877558826294
-12.962962962962976 61.30335905774997
-12.862862862862876 60.76651734301663
-12.762762762762776 59.334397579991254
-12.662662662662676 59.3611609110821
-12.562562562562576 58.44800270662598
-12.462462462462476 58.216101217067695
-12.362362362362376 57.45915847804434
-12.262262262262276 57.08921745597864
-12.162162162162176 56.72909606605255
-12.062062062062076 56.710513650024104
-11.961961961961975 55.987844574095895
-11.861861861861875 55.23726538872486
-11.761761761761775 54.82949608946852
-11.661661661661675 54.71186472611326
-11.561561561561575 53.36707733318859
-11.461461461461475 53.58950330687861
-11.361361361361375 52.47476516954033
-11.261261261261275 52.75606292346442
-11.161161161161175 51.40186130710031
-11.061061061061075 51.00347716308465
-10.960960960960975 51.01564798170647
-10.860860860860875 50.69089372701895
-10.760760760760775 50.1722993919318
-10.660660660660675 49.39383926697377
-10.560560560560575 48.58287204577183
-10.460460460460475 48.15702270272428
-10.360360360360374 47.344607713290806
-10.260260260260274 47.52429347339457
-10.160160160160174 47.059053520786115
-10.060060060060074 46.654605371691666
-9.959959959959974 46.123652762773744
-9.859859859859874 45.45675675965878
-9.759759759759774 44.531435197510014
-9.659659659659674 44.027443153783196
-9.559559559559574 43.966304236865334
-9.459459459459474 43.57414901257413
-9.359359359359374 42.464378699977075
-9.259259259259274 42.09213328380133
-9.159159159159174 41.70321706004979
-9.059059059059074 41.06685650233164
-8.958958958958974 40.561978283154275
-8.858858858858873 40.44141767673187
-8.758758758758773 39.90122629133028
-8.658658658658673 39.65279695145235
-8.558558558558573 39.178859019467666
-8.458458458458473 38.15894416686593
-8.358358358358373 38.139359226103174
-8.258258258258273 37.087146862702056
-8.158158158158173 37.18116755828703
-8.058058058058073 36.296910716693105
-7.957957957957973 35.36853911935985
-7.857857857857873 35.710174909757306
-7.757757757757773 34.35995854251878
-7.657657657657673 34.488571901534016
-7.557557557557573 33.67837521224217
-7.457457457457473 32.880257660468416
-7.3573573573573725 32.85562568025575
-7.257257257257272 31.99434360398626
-7.157157157157172 31.604004276167785
-7.057057057057072 31.644036946513374
-6.956956956956972 30.56472111709936
-6.856856856856872 29.813250794233177
-6.756756756756772 29.57176896691206
-6.656656656656672 29.406810786890397
-6.556556556556572 29.16945290791926
-6.456456456456472 28.230720281281183
-6.356356356356372 28.204588829056185
-6.256256256256272 27.683632944236116
-6.156156156156172 27.255344513872657
-6.056056056056072 26.319228749008552
-5.955955955955972 25.98619979580692
-5.8558558558558715 25.23522861617837
-5.7557557557557715 24.963987104941296
-5.655655655655671 24.460073542416957
-5.555555555555571 24.21800872715928
-5.455455455455471 23.022716675632658
-5.355355355355371 22.76550905469189
-5.255255255255271 21.912542106676153
-5.155155155155171 21.293129430592526
-5.055055055055071 21.451261946305106
-4.954954954954971 21.229333839530344
-4.854854854854871 19.821013484169285
-4.754754754754771 20.059237426596262
-4.654654654654671 19.315163532316802
-4.554554554554571 19.121991892256396
-4.454454454454471 17.82103297526917
-4.354354354354371 17.445200221142525
-4.2542542542542705 17.70551807808243
-4.15415415415417 16.767197623930404
-4.05405405405407 16.58215923522597
-3.9539539539539703 15.586011277205035
-3.8538538538538702 14.896479658732192
-3.75375375375377 14.36609819471187
-3.65365365365367 14.208390579835282
-3.55355355355357 13.39637522916565
-3.45345345345347 12.887271001076401
-3.35335335335337 12.894545787727363
-3.25325325325327 12.406235179366673
-3.15315315315317 11.915362465498452
-3.0530530530530697 10.844483210022313
-2.9529529529529697 10.269440418197629
-2.8528528528528696 10.725997761036842
-2.7527527527527695 9.772872047908193
-2.6526526526526695 9.162834287753025
-2.5525525525525694 8.707636020825033
-2.4524524524524693 7.983613027679024
-2.3523523523523693 7.813211250982876
-2.252252252252269 7.242439335479796
-2.152152152152169 6.588597017981951
-2.052052052052069 6.1783639494463065
-1.951951951951969 6.251921267370369
-1.851851851851869 5.366778329151983
-1.751751751751769 4.675939042902625
-1.6516516516516688 3.836080934455514
-1.5515515515515688 3.739048446942742
-1.4514514514514687 3.2579299564909596
-1.3513513513513686 3.2531817439356026
-1.2512512512512686 2.7279256630324444
-1.1511511511511685 1.3553807615203963
-1.0510510510510684 0.9842730722739326
-0.9509509509509684 0.585487487361775
-0.8508508508508683 0.34162094454801695
-0.7507507507507682 -0.12226042264274051
-0.6506506506506682 -1.099260215854105
-0.5505505505505681 -0.8681450023555857
-0.450450450450468 -1.685003795093079
-0.3503503503503679 -2.3847626497557552
-0.25025025025026776 -2.787162502401946
-0.15015015015016764 -2.8988177743930685
-0.05005005005006753 -3.719024144934306
0.050050050050032574 -4.259518331496539
0.15015015015013267 -4.426960481229799
0.2502502502502328 -5.729191938365094
0.3503503503503329 -5.781354786053953
0.450450450450433 -6.681973158848524
0.5505505505505331 -7.158222980732823
0.6506506506506332 -7.532412325847405
0.7507507507507333 -7.543212885530788
0.8508508508508333 -7.833055647219108
0.9509509509509334 -9.224852166989164
1.0510510510510336 -9.25074797180886
1.1511511511511336 -10.065710157785153
1.2512512512512337 -10.714796212091626
1.3513513513513338 -11.062409782279486
1.4514514514514338 -10.882253158985336
1.551551551551534 -11.813915478427905
1.651651651651634 -12.189373823743066
1.751751751751734 -12.4198469267184
1.851851851851834 -13.453557903324263
1.9519519519519342 -14.206221363508687
2.0520520520520344 -14.60350781371445
2.1521521521521345 -14.426374039348568
2.2522522522522346 -14.790452070449145
2.3523523523523346 -15.283090585442661
2.4524524524524347 -16.56054251800575
2.5525525525525348 -17.259323741151007
2.652652652652635 -16.93523105982664
2.752752752752735 -17.99625082488833
2.852852852852835 -18.186751592661643
2.952952952952935 -18.907727595973288
3.053053053053035 -19.640826825748952
3.153153153153135 -20.13014773101767
3.2532532532532352 -20.366318874262195
3.3533533533533353 -20.458943813295903
3.4534534534534354 -20.79655177984844
3.5535535535535354 -21.971958948475386
3.6536536536536355 -21.891132388740953
3.7537537537537355 -22.36204127212096
3.8538538538538356 -22.90883825100569
3.9539539539539357 -23.544713731779673
4.054054054054036 -24.286957551823
4.154154154154136 -25.24176157733311
4.254254254254236 -24.872660668440872
4.354354354354336 -25.510054841082194
4.454454454454436 -26.236735244945535
4.554554554554536 -27.05074850651005
4.654654654654636 -27.225382585177172
4.754754754754736 -27.73292225704026
4.854854854854836 -28.024680753729708
4.954954954954936 -28.65535105038428
5.055055055055036 -28.87457501395205
5.1551551551551364 -29.979929274256527
5.2552552552552365 -30.2715382867403
5.355355355355337 -30.351673903304686
5.455455455455437 -30.93490740871269
5.555555555555537 -31.296445053647986
5.655655655655637 -32.42177636276553
5.755755755755737 -32.30366596277843
5.855855855855837 -32.796517440723555
5.955955955955937 -34.27438874232786
6.056056056056037 -33.977688486917195
6.156156156156137 -34.48390483332222
6.256256256256237 -34.87832004200162
6.356356356356337 -35.68348342448062
6.456456456456437 -36.353293405061166
6.556556556556537 -36.380352590446414
6.656656656656637 -37.69452131667932
6.7567567567567375 -37.79320935046309
6.8568568568568375 -38.442608983073555
6.956956956956938 -38.508724981722445
7.057057057057038 -38.881157228750446
7.157157157157138 -40.160939231594256
7.257257257257238 -40.562303372376704
7.357357357357338 -40.64023383682322
7.457457457457438 -41.691781878090104
7.557557557557538 -41.70372931014767
7.657657657657638 -42.33790667064688
7.757757757757738 -42.61832892413668
7.857857857857838 -43.177484841191365
7.957957957957938 -43.50698351412905
8.05805805805804 -44.35569631784543
8.15815815815814 -44.69568374866184
8.25825825825824 -44.81622162774031
8.35835835835834 -46.05269866677089
8.45845845845844 -45.99904880561546
8.55855855855854 -46.47403588559777
8.65865865865864 -47.749996191289014
8.75875875875874 -47.373242148450544
8.85885885885884 -47.82848015940304
8.95895895895894 -48.77461049904787
9.05905905905904 -49.02573885702173
9.15915915915914 -50.05360516339102
9.25925925925924 -50.148777391952194
9.35935935935934 -51.10572202499962
9.45945945945944 -51.31677793071762
9.55955955955954 -52.01581655866994
9.65965965965964 -52.03455236645851
9.75975975975974 -52.82676735729464
9.85985985985984 -53.52660801954427
9.95995995995994 -53.623694992019246
10.06006006006004 -54.05723019969983
10.16016016016014 -54.634189585711695
10.26026026026024 -55.445212146126735
10.36036036036034 -55.844359031682146
10.46046046046044 -56.27191248638162
10.56056056056054 -56.61510993977833
10.66066066066064 -57.240500709930785
10.760760760760741 -57.9949070012217
10.860860860860841 -58.68173706209502
10.960960960960941 -58.82819186019644
11.061061061061041 -59.023483386598855
11.161161161161141 -59.98842071192019
11.261261261261241 -60.40028424677935
11.361361361361341 -61.17891850888433
11.461461461461441 -61.02559613184824
11.561561561561541 -61.97293925293958
11.661661661661642 -62.07926005174022
11.761761761761742 -63.257832659432395
11.861861861861842 -63.07015952038962
11.961961961961942 -63.83029134567713
12.062062062062042 -63.859116204226126
12.162162162162142 -64.8054042623247
12.262262262262242 -65.00724933955564
12.362362362362342 -66.16866672829491
12.462462462462442 -66.13444666853879
12.562562562562542 -66.55605907852859
12.662662662662642 -67.61231501629295
12.762762762762742 -68.2035495729003
12.862862862862842 -68.80392959346376
12.962962962962942 -68.39651822353586
13.063063063063042 -69.12368668091348
13.163163163163142 -70.27612878470887
13.263263263263243 -70.39626443822638
13.363363363363343 -71.04996613757442
13.463463463463443 -71.11266540516067
13.563563563563543 -71.70654235202132
13.663663663663643 -72.52898187834938
13.763763763763743 -72.86768145934954
13.863863863863843 -73.74219671868451
13.963963963963943 -74.22130523115588
14.064064064064043 -74.56618588285063
14.164164164164143 -74.7736324094855
14.264264264264243 -75.67618179259057
14.364364364364343 -75.33001221886914
14.464464464464443 -76.09421518755862
14.564564564564543 -76.96515566032912
14.664664664664643 -76.95128538006777
14.764764764764744 -77.75589963133072
14.864864864864844 -77.93089243339598
14.964964964964944 -78.62420492331707
15.065065065065044 -79.01665417086184
15.165165165165144 -79.34809153892434
15.265265265265244 -80.82445805436586
15.365365365365344 -80.63877223626983
15.465465465465444 -80.88426446811233
15.565565565565544 -81.8203488878164
15.665665665665644 -82.78246622355331
15.765765765765744 -83.17295253676187
15.865865865865844 -82.91367197644868
15.965965965965944 -84.17188182066242
16.066066066066046 -84.09884942744183
16.166166166166146 -84.85673938693799
16.266266266266246 -85.17974180066514
16.366366366366346 -85.75027739665524
16.466466466466446 -86.61903841678806
16.566566566566546 -86.39300616316156
16.666666666666647 -87.64049114038
16.766766766766747 -87.61483765902646
16.866866866866847 -88.59845342414475
16.966966966966947 -88.49924536760268
17.067067067067047 -89.43448204344406
17.167167167167147 -90.15061495207044
17.267267267267247 -90.6688627598372
17.367367367367347 -91.31550478597818
17.467467467467447 -91.5932559362149
17.567567567567547 -91.76917322031449
17.667667667667647 -91.93003396460827
17.767767767767747 -92.7175770294561
17.867867867867847 -93.25410692757359
17.967967967967947 -94.0115969217091
18.068068068068047 -94.03078327555889
18.168168168168148 -94.3758661452439
18.268268268268248 -95.10204470153857
18.368368368368348 -95.44251069596108
18.468468468468448 -96.29395766124523
18.568568568568548 -96.8954720258387
18.668668668668648 -97.25710356799723
18.768768768768748 -97.39086550707495
18.868868868868848 -98.47406467650693
18.968968968968948 -98.96190042543836
19.069069069069048 -99.15420787930928
19.169169169169148 -99.85398913568731
19.269269269269248 -100.61419391570578
19.36936936936935 -101.09942395062998
19.46946946946945 -101.13760953585081
19.56956956956955 -101.73589079578659
19.66966966966965 -102.69055434509804
19.76976976976975 -102.42548619439007
19.86986986986985 -103.51046743260947
19.96996996996995 -104.03905239459462
20.07007007007005 -104.29838100769067
20.17017017017015 -104.65465862835812
20.27027027027025 -105.64244367688242
20.37037037037035 -105.67093039797784
20.47047047047045 -106.54214458840435
20.57057057057055 -106.56952691520114
20.67067067067065 -107.44424613128537
20.77077077077075 -108.1621351634702
20.87087087087085 -108.54592674767898
20.97097097097095 -109.23350060632194
21.07107107107105 -109.06785120234338
21.17117117117115 -109.82274644053092
21.27127127127125 -110.59650400598844
21.37137137137135 -110.37190713923029
21.47147147147145 -111.0846957416768
21.57157157157155 -111.68646563061507
21.67167167167165 -111.87211263443315
21.77177177177175 -112.59284862707226
21.87187187187185 -113.63143185817125
21.97197197197195 -114.00929859970064
22.07207207207205 -113.99404653725222
22.17217217217215 -114.4581667840899
22.27227227227225 -115.09389237205224
22.37237237237235 -116.10020355819803
22.47247247247245 -116.26617008188983
22.57257257257255 -116.84747857275246
22.67267267267265 -117.82472009377034
22.77277277277275 -117.86563205757884
22.87287287287285 -118.43910715337702
22.97297297297295 -118.58461256743941
23.07307307307305 -119.1586684594361
23.17317317317315 -119.64813261201877
23.27327327327325 -120.15129772335476
23.37337337337335 -120.91589293531686
23.47347347347345 -121.60188567113188
23.57357357357355 -121.73117875748352
23.67367367367365 -122.85829279757881
23.77377377377375 -123.14358517189385
23.87387387387385 -123.52754938967334
23.97397397397395 -124.26812564572762
24.07407407407405 -124.06458817134589
24.17417417417415 -124.5254353562807
24.27427427427425 -125.01002364305019
24.37437437437435 -125.37269137271316
24.47447447447445 -126.01897733759053
24.57457457457455 -126.45260087655383
24.67467467467465 -127.57326406505453
24.77477477477475 -127.68160162192267
24.874874874874852 -128.72483336766254
24.974974974974952 -128.9133891037559
25.075075075075052 -129.61650267016833
25.175175175175152 -129.86702799867217
25.275275275275252 -130.15090937996445
25.375375375375352 -131.33908641674037
25.475475475475452 -131.11129783603
25.575575575575552 -132.33719310213965
25.675675675675652 -131.90617704358573
25.775775775775752 -133.11077808258048
25.875875875875852 -133.83883979349588
25.975975975975953 -133.71800697535747
26.076076076076053 -134.36390164305146
26.176176176176153 -135.28242602350753
26.276276276276253 -134.954956701554
26.376376376376353 -135.6568427422864
26.476476476476453 -136.28558308951193
26.576576576576553 -136.44558935705444
26.676676676676653 -137.03257117602496
26.776776776776753 -138.03154994706944
26.876876876876853 -138.40457043277604
26.976976976976953 -139.12503902453673
27.077077077077053 -138.93741151496272
27.177177177177153 -139.78354794160416
27.277277277277253 -140.18208858489274
27.377377377377353 -140.65213574483707
27.477477477477454 -140.94258701204376
27.577577577577554 -142.3233325439858
27.677677677677654 -142.04509443215426
27.777777777777754 -143.11420708464573
27.877877877877854 -143.381190898761
27.977977977977954 -143.77997210405883
28.078078078078054 -144.85581026543124
28.178178178178154 -144.72327724545175
28.278278278278254 -145.87339961858427
28.378378378378354 -146.28316106813324
28.478478478478454 -146.14696111770576
28.578578578578554 -146.7863696537804
28.678678678678654 -147.7455915977714
28.778778778778754 -147.9771412951664
28.878878878878854 -148.7846731709571
28.978978978978954 -149.39222028663616
29.079079079079055 -149.6838132726823
29.179179179179155 -149.5702937711826
29.279279279279255 -150.19266967843
29.379379379379355 -150.95560646975434
29.479479479479455 -150.93247514538385
29.579579579579555 -151.92244514803653
29.679679679679655 -152.08683018387558
29.779779779779755 -152.88061311239989
29.879879879879855 -153.46146481633693
29.979979979979955 -153.46392614223373
30.080080080080055 -154.82835945830394
30.180180180180155 -154.81802575065987
30.280280280280255 -155.48091941589684
30.380380380380355 -156.12616082398992
30.480480480480455 -156.0067412388659
30.580580580580556 -157.29965649719296
30.680680680680656 -157.48270345128654
30.780780780780756 -157.94305804050717
30.880880880880856 -158.71033216467143
30.980980980980956 -158.93377697636933
31.081081081081056 -159.63119403454647
31.181181181181156 -159.5557183823445
31.281281281281256 -160.13288093607565
31.381381381381356 -160.84094831121283
31.481481481481456 -161.8132788423461
31.581581581581556 -161.51996227737285
31.681681681681656 -162.69843700504282
31.781781781781756 -162.59840690150074
31.881881881881856 -162.98852813625766
31.981981981981956 -163.57692699802587
32.08208208208206 -164.76504339064033
32.18218218218216 -164.64378057736107
32.28228228228226 -165.655305750257
32.38238238238236 -165.90147281790968
32.48248248248246 -166.18928738955572
32.58258258258256 -166.86527757260737
32.68268268268266 -167.2671394074611
32.78278278278276 -167.79138001651836
32.88288288288286 -168.59921292411548
32.98298298298296 -168.9756081483744
33.08308308308306 -169.29597475237847
33.18318318318316 -170.3023116476318
33.28328328328326 -170.13227789222873
33.38338338338336 -171.2307650739208
33.48348348348346 -171.34499314787905
33.58358358358356 -171.9692581432505
33.68368368368366 -172.64796946790335
33.78378378378376 -173.11240736896977
33.88388388388386 -173.26347672827967
33.98398398398396 -173.98467289925966
34.08408408408406 -174.02137022001816
34.18418418418416 -174.74395791596874
34.28428428428426 -175.60975999605145
34.38438438438436 -176.02674933062724
34.48448448448446 -176.06439733641508
34.58458458458456 -177.05564362056003
34.68468468468466 -177.04561106344212
34.78478478478476 -178.34828308400517
34.88488488488486 -178.9056170690735
34.98498498498496 -179.05257344121998
35.08508508508506 -179.3264411970662
35.18518518518516 -179.7473040563048
35.28528528528526 -180.28746623260022
35.38538538538536 -180.97256661256887
35.48548548548546 -181.47654513637266
35.58558558558556 -181.6451562383157
35.68568568568566 -182.21139234153077
35.78578578578576 -182.646811570859
35.88588588588586 -183.50713000411068
35.98598598598596 -183.69594483159165
36.08608608608606 -184.67685315103503
36.18618618618616 -184.9965518783174
36.28628628628626 -185.6471948858748
36.38638638638636 -186.14326243566654
36.48648648648646 -186.9192969524164
36.58658658658656 -187.31286399117153
36.68668668668666 -187.51337821896885
36.78678678678676 -187.52584861122062
36.88688688688686 -188.55517385493687
36.98698698698696 -188.7742076598859
37.08708708708706 -188.94469444846126
37.18718718718716 -190.31332877981922
37.28728728728726 -190.38870834982364
37.38738738738736 -190.55779809619324
37.48748748748746 -191.37163630661865
37.587587587587564 -191.62642104023323
37.687687687687664 -192.3255930169793
37.787787787787764 -192.89596539405386
37.887887887887864 -193.57642392504872
37.987987987987964 -194.3629915004991
38.088088088088064 -194.87294307479155
38.188188188188164 -194.517534045873
38.288288288288264 -195.53223605180068
38.388388388388364 -195.81208093354851
38.488488488488464 -196.08278114148135
38.588588588588564 -197.09687309548113
38.688688688688664 -197.68406419823947
38.788788788788764 -198.19251770911652
38.888888888888864 -198.51800074481923
38.988988988988964 -198.6096338317193
39.089089089089065 -199.5523844981872
39.189189189189165 -199.50097418472913
39.289289289289265 -200.8851878421337
39.389389389389365 -200.86430991628745
39.489489489489465 -201.90314712172406
39.589589589589565 -201.59631591977194
39.689689689689665 -202.38785830315723
39.789789789789765 -202.9426212828767
39.889889889889865 -203.93363774314153
39.989989989989965 -203.58283541756012
40.090090090090065 -204.60659945127398
40.190190190190165 -204.83934103663307
40.290290290290265 -204.97357012976912
40.390390390390365 -206.28445373670752
40.490490490490465 -206.8092835064048
40.590590590590566 -207.24355131600478
40.690690690690666 -207.09432361926937
40.790790790790766 -207.9252165098974
40.890890890890866 -208.03495019959794
40.990990990990966 -209.148431247414
41.091091091091066 -209.7565441024147
41.191191191191166 -210.04840174639028
41.291291291291266 -210.07913588905797
41.391391391391366 -210.8155477120836
41.491491491491466 -211.2073817090925
41.591591591591566 -212.21730044496346
41.691691691691666 -212.6363555458156
41.791791791791766 -212.5522363126189
41.891891891891866 -213.76344287124368
41.991991991991966 -214.14522203774115
42.09209209209207 -214.32712458731893
42.19219219219217 -214.78702767136411
42.29229229229227 -215.38408967189196
42.39239239239237 -215.60051941838051
42.49249249249247 -216.15233638104885
42.59259259259257 -217.0481906587261
42.69269269269267 -217.05202344721653
42.79279279279277 -217.72442061966316
42.89289289289287 -218.07699125336143
42.99299299299297 -218.66433228802677
43.09309309309307 -219.4341445898219
43.19319319319317 -220.28519590198866
43.29329329329327 -220.9482029184484
43.39339339339337 -221.31361020301608
43.49349349349347 -221.09548558640225
43.59359359359357 -221.87168182410616
43.69369369369367 -222.79908704748104
43.79379379379377 -222.94948151614128
43.89389389389387 -223.18256790255904
43.99399399399397 -224.1024253617708
44.09409409409407 -224.78056716418897
44.19419419419417 -225.12602906934373
44.29429429429427 -224.97983948452585
44.39439439439437 -225.59370398617412
44.49449449449447 -226.4973125428233
44.59459459459457 -227.334772328907
44.69469469469467 -227.07390295796395
44.79479479479477 -227.69041942778935
44.89489489489487 -228.40195216192285
44.99499499499497 -228.64748901069598
45.09509509509507 -229.03505028321874
45.19519519519517 -229.8183549141951
45.29529529529527 -230.12338894152182
45.39539539539537 -230.73593890353703
45.49549549549547 -231.54417375546944
45.59559559559557 -231.76452836991913
45.69569569569567 -232.17046759975506
45.79579579579577 -233.2095000561116
45.89589589589587 -233.75542817144137
45.99599599599597 -234.23436582286135
46.09609609609607 -234.36142986162244
46.19619619619617 -235.17559363062253
46.29629629629627 -235.39107360419908
46.39639639639637 -235.6701613569061
46.49649649649647 -236.58251980045603
46.59659659659657 -236.98539149186115
46.69669669669667 -237.61473290652603
46.79679679679677 -237.54478278625243
46.89689689689687 -238.0757819818674
46.99699699699697 -239.27866760897805
47.09709709709707 -239.1228526674111
47.19719719719717 -240.1678235239
47.29729729729727 -240.39652519968814
47.39739739739737 -240.68677153800138
47.49749749749747 -241.13146138184675
47.59759759759757 -242.45839410817737
47.69769769769767 -242.46510345353784
47.79779779779777 -242.89156937264957
47.89789789789787 -243.01637273529175
47.99799799799797 -244.1494884824524
48.09809809809807 -244.76559610037145
48.19819819819817 -245.17081486745545
48.29829829829827 -245.2897871028167
48.39839839839837 -245.49335259959332
48.49849849849847 -246.71564899972805
48.59859859859857 -247.0867806377457
48.69869869869867 -247.36479856277157
48.79879879879877 -247.7355249926545
48.89889889889887 -248.547167129962
48.99899899899897 -248.59509627657928
49.09909909909907 -249.171620175869
49.19919919919917 -250.41721130209788
49.29929929929927 -250.69673024617148
49.39939939939937 -250.56460780832407
49.49949949949947 -251.14539382381562
49.59959959959957 -251.95139657296764
49.69969969969967 -252.70753156874787
49.79979979979977 -252.50668969161765
49.89989989989987 -253.4052567987809
49.99999999999997 -253.89759177391224